qdisc netem 80f4: root refcnt 33 limit 1410065408 delay 50.0ms rate 100Mbit
set num:20
SendRate(Mb/s)  RTT(ms) CWnd    PktSndPeriod(us)        RecvACK RecvNAK
67.7114         70.444  833     121                     6088    0
100.443         107.45  834     121                     8323    0
97.0716         95.449  833     121                     8290    0
95.6618         100.015 834     121                     8290    0
97.445          94.963  833     121                     8290    0
95.5917         99.795  833     121                     8290    0
97.5143         94.608  833     121                     8291    0
95.6266         99.681  833     162                     8290    0
97.687          98.184  851     119                     8291    0
95.6129         99.621  833     162                     8290    0
102.989         117.407 1720    117                     8291    0
101.181         117.407 1720    94                      8291    0
94.0522         117.407 1661    121                     8289    0
98.7481         117.407 1695    119                     8291    0
96.5355         117.407 1695    119                     8290    0
96.3247         117.407 1676    96                      8290    0
94.8566         117.407 1676    120                     8291    0
97.6647         117.407 1662    121                     8290    0
96.9656         117.407 1660    121                     8291    0
96.7553         117.407 1678    96                      8290    0
100.388         117.407 3102    120                     8290    0
103.547         117.407 3102    120                     8291    0
99.1322         117.407 3111    120                     8291    0
99.8267         117.407 3111    120                     8289    0
96.5573         117.407 3111    120                     8291    0
93.2021         117.407 3089    120                     8290    0
99.6335         117.407 3089    120                     8291    0
96.5575         117.407 3089    120                     8290    0
93.3341         117.407 3083    121                     8290    0
99.6794         117.407 3083    121                     8291    0
96.8861         117.407 5608    120                     8289    0
103.536         117.407 5608    120                     8291    0
104.755         117.407 5608    160                     8291    0
 time: 33.5623 rate: 95.345
qdisc netem 80f5: root refcnt 33 limit 1410065408 delay 50.0ms loss 0.3% rate 100Mbit
set num:^CTraceback (most recent call last):
  File "client.py", line 30, in <module>
    num = input("set num:")
KeyboardInterrupt

ubuntu@ubuntu:~/data/gyt_file/vscode/udt-bbr/bbr-udt/tcp$ python3 client.py 
qdisc netem 80f6: root refcnt 33 limit 1410065408 delay 50.0ms rate 100Mbit
set num:10
SendRate(Mb/s)  RTT(ms) CWnd    PktSndPeriod(us)        RecvACK RecvNAK
69.1275         90.178  833     121                     6104    0
101.166         95.345  834     121                     8291    0
95.7087         99.933  833     121                     8291    0
97.4006         95.469  833     121                     8290    0
96.3825         104.435 874     115                     8290    0
96.7193         95.135  833     121                     8291    0
95.5807         99.773  833     121                     8290    0
97.5149         94.683  833     121                     8290    0
95.72           99.871  835     161                     8290    0
97.3605         94.627  833     121                     8290    0
100.333         117.012 1500    121                     8291    0
100.554         117.012 1500    121                     8291    0
96.0491         117.012 1499    162                     8290    0
96.5607         117.012 1500    121                     8289    0
97.0484         117.012 1500    121                     8291    0
95.0013         117.012 1499    121                     8290    0
 time: 16.9129 rate: 94.6024
perfmon: Operation not supported: Invalid socket ID.
qdisc netem 80f7: root refcnt 33 limit 1410065408 delay 50.0ms loss 0.3% rate 100Mbit
set num:10
SendRate(Mb/s)  RTT(ms) CWnd    PktSndPeriod(us)        RecvACK RecvNAK
70.2722         90.451  760     118                     283     34
96.8108         76.685  674     161                     3167    27
96.9783         74.409  673     121                     799     46
97.677          73.052  672     121                     1103    37
95.2776         65.491  675     121                     704     41
97.362          70.253  717     114                     1386    37
90.7221         68.765  677     120                     1030    30
96.3819         64.559  673     121                     1831    38
98.3872         70.505  673     121                     374     41
94.0667         67.297  674     121                     3243    26
97.9331         68.741  673     121                     2138    37
95.0339         70.73   737     88                      1592    34
95.871          71.713  672     161                     3712    25
96.2658         70.639  674     161                     1582    36
97.2231         74.54   672     121                     1549    38
95.6515         70.699  674     121                     2513    36
97.1653         73.439  674     121                     315     45
 time: 17.0658 rate: 93.7546
qdisc netem 80f8: root refcnt 33 limit 1410065408 delay 50.0ms loss 1% rate 100Mbit
set num:10
SendRate(Mb/s)  RTT(ms) CWnd    PktSndPeriod(us)        RecvACK RecvNAK
70.0896         81.92   761     120                     343     60
99.4782         75.079  710     119                     77      91
95.5682         74.258  718     113                     61      70
98.3637         73.21   670     121                     76      87
98.3412         76.124  720     112                     65      85
96.874          82.399  668     120                     77      83
97.607          72.085  711     90                      66      83
96.9987         73.62   665     162                     249     80
96.5245         72.018  672     120                     81      98
101.09          85.014  1026    78                      75      83
93.9274         90.493  676     119                     86      86
97.8046         70.749  673     120                     79      94
97.946          77.39   677     119                     81      91
98.6531         77.708  686     117                     94      109
97.1855         79.197  676     119                     69      85
96.8624         92.166  702     121                     66      81
93.951          79.428  682     118                     97      107
 time: 17.0666 rate: 93.7505
qdisc netem 80f9: root refcnt 33 limit 1410065408 delay 50.0ms loss 3% rate 100Mbit
set num:10
SendRate(Mb/s)  RTT(ms) CWnd    PktSndPeriod(us)        RecvACK RecvNAK
70.0875         70.728  698     119                     151     159
101.214         78.168  674     120                     167     257
99.4826         75.405  683     118                     185     252
99.8899         84.639  728     111                     155     234
99.1678         82.079  696     116                     158     251
99.7146         80.23   686     94                      158     238
97.6754         73.45   678     159                     152     240
103.396         80.162  879     91                      172     273
99.7621         98.921  851     94                      108     234
108.055         179.022 1633    49                      152     261
88.512          91.939  676     119                     97      220
105.002         83.023  1086    74                      203     253
94.8121         91.241  741     109                     136     236
99.1672         83.312  685     94                      144     238
98.4012         73.621  708     152                     180     250
99.9361         78.755  686     117                     166     239
100.974         86.961  765     105                     185     244
 time: 17.3553 rate: 92.1911
qdisc netem 80fa: root refcnt 33 limit 1410065408 delay 50.0ms loss 5% rate 100Mbit
set num:10
SendRate(Mb/s)  RTT(ms) CWnd    PktSndPeriod(us)        RecvACK RecvNAK
71.6382         122.617 754     93                      124     275
103.219         79.91   716     152                     61      388
105.669         102.72  955     84                      157     409
97.1792         75.808  707     114                     141     387
101.116         78.654  681     118                     163     350
102.454         80.345  712     113                     299     385
101.753         77.2    713     113                     122     387
101.139         80.1    695     116                     252     398
102.141         88.694  716     113                     185     386
102.479         76.179  778     83                      180     418
100.883         93.507  747     144                     123     361
100.847         82.076  844     127                     175     386
102.023         86.892  749     108                     181     401
102.906         79.109  801     101                     167     390
100.694         81.361  705     114                     155     402
106.143         113.027 1082    74                      173     408
97.3252         87.815  702     115                     69      383
 time: 17.5289 rate: 91.2778
qdisc netem 80fb: root refcnt 33 limit 1410065408 delay 50.0ms loss 10% rate 100Mbit
set num:10
SendRate(Mb/s)  RTT(ms) CWnd    PktSndPeriod(us)        RecvACK RecvNAK
72.6815         70.511  836     121                     11      542
100.538         59.172  745     145                     39      556
110.829         79.702  711     113                     49      738
112.316         83.374  1143    70                      29      753
99.354          93.108  678     119                     13      692
108.262         87.47   712     113                     36      719
110.513         77.51   840     96                      59      735
104             89.102  684     118                     75      702
104.932         71.722  713     113                     63      728
109.253         74.861  696     92                      98      715
128.213         88.658  2287    47                      57      709
85.5047         179.607 751     107                     36      659
95.8926         192.309 836     121                     9       470
57.3574         132.216 813     121                     14      119
107.6           90.868  878     93                      21      603
108.811         83.441  885     92                      65      733
102.312         79.634  705     114                     104     713
107.55          76.59   789     102                     79      694
97.3751         79.752  725     111                     76      719
 time: 19.412 rate: 82.4234
qdisc netem 80fc: root refcnt 33 limit 1410065408 delay 50.0ms loss 15% rate 100Mbit
set num:10
SendRate(Mb/s)  RTT(ms) CWnd    PktSndPeriod(us)        RecvACK RecvNAK
73.2252         68.504  697     118                     27      720
116.457         63.931  1140    71                      13      1021
109.963         74.071  855     53                      56      1045
98.4691         84.384  685     117                     6       764
112.956         85.08   880     91                      33      969
124.25          99.741  1777    45                      24      1000
63.3438         102.875 866     93                      1       483
113.854         111.264 778     83                      13      614
114.145         109.116 694     155                     51      1007
122.937         120.404 1746    23                      37      1013
131.846         113.492 783     103                     12      407
79.1705         141.015 975     82                      35      642
85.6112         139.017 980     82                      3       69
116.986         129.794 2360    34                      5       861
85.2035         130.016 2360    45                      1       194
76.3399         212.173 699     115                     18      629
71.2849         189.601 627     129                     17      556
63.4264         138.399 667     121                     13      255
31.2353         97.715  500     3666                    11      2
2.56218         72.886  500     25435                   10      4
1.44415         50.904  500     4625                    39      20
5.19428         50.242  500     1058                    91      49
92.4711         68.203  711     113                     75      756
110.685         58.17   686     117                     47      1017
113.712         53.066  943     23                      48      945
104.35          126.523 711     113                     26      960
82.886          170.133 789     107                     57      712
100.635         122.397 688     117                     19      435
 time: 28.4174 rate: 56.3034
qdisc netem 80fd: root refcnt 33 limit 1410065408 delay 50.0ms loss 20% rate 100Mbit
set num:9
SendRate(Mb/s)  RTT(ms) CWnd    PktSndPeriod(us)        RecvACK RecvNAK
86.1798         89.17   1851    185                     21      949
97.6847         106.872 707     114                     14      983
67.223          90.537  1448    54                      19      146
110.334         94.677  792     102                     30      1293
105.627         85.021  703     114                     10      929
56.239          76.166  706     114                     6       499
121.327         65.945  898     89                      24      1137
136.831         78.113  2000    40                      22      1284
95.65           119.321 710     113                     26      1169
73.5693         103.546 614     131                     8       511
73.9889         94.946  798     73                      3       731
119.852         76.995  781     103                     29      1182
124.452         88.147  826     97                      14      1267
78.5186         109.707 1197    84                      5       226
101.985         113.956 843     120                     3       846
79.612          106.026 863     117                     23      669
50.5679         99.381  1136    56                      3       415
117.71          91.097  1136    71                      5       968
84.4937         92.764  715     151                     17      720
6.73155         90.858  678     120                     4       15
98.1893         86.986  645     126                     3       1076
123.742         62.623  1364    59                      42      1195
71.612          86.993  1334    43                      21      895
0.314438                77.934  1015    79                      10      2
 time: 24.1903 rate: 59.528



 